



9301212	9209291
9303311	9209204
9301295	9209257
9301295	9210208
9309268	9205210
9309268	9206236
9309268	9302217
9302247	9204211
9302247	9206230
9302247	9206236
9302247	9206241
9302247	9206261
9302247	9210265
9302247	9301276
9302247	9302217
9309211	9209204
9309211	9211247
9309211	9304275
9309326	9212285
9309298	9205238
9309298	9212285
9309298	9305335
9304307	9211266
9304299	9208205
9304299	9211266
9302316	9203201
9306235	9301268
9211325	9207237
9209232	9203220
9209232	9206203
9306309	9203220
9306309	9204215
9306309	9204225
9306309	9205240
9306309	9209232
9306309	9210240
9210240	9206203
9311340	9206218
9311340	9207219
9311340	9207234
9311340	9209220
9311340	9209232
9311340	9301267
9311340	9302202
9311340	9302318
9311340	9305282
9311340	9308238
9311340	9308309
9311340	9308335
9311340	9311269
9303284	9212203
9304321	9204205
9304321	9302221
9308217	9205247
9308217	9208205
9308217	9302202
9208205	9205247
9310276	9302250
9310242	9302250
9207213	9206242
9310257	9209205
9310257	9209230
9312357	9206246
9312357	9302248
9302248	9209205
9302248	9209230
9308330	9204202
9308330	9301252
9311261	9208220
9312311	9204229
9312311	9207214
9312311	9209268
9312311	9212289
9312311	9303270
9312311	9304225
9312311	9305289
9212305	9203210
9212305	9211230
9306290	9207218
9302224	9212305
9302202	9212305
9312235	9302302
9312235	9305287
9306294	9204216
9306294	9301236
9306320	9203222
9306320	9204206
9306320	9204229
9306320	9204237
9306320	9205228
9306320	9207217
9306320	9209268
9306320	9209269
9306320	9209271
9306320	9209277
9306320	9211216
9306320	9211222
9306320	9908362
9306320	9908363
9306320	9908364
9310216	9209269
9310216	9211226
9310216	9212277
9310216	9304309
9310216	9308287
9306214	9204229
9306214	9205228
9306214	9211216
9306214	9211222
9303291	9211266
9308329	9206203
9308329	9206238
9308329	9210235
9308329	9306309
9309248	9206262
9309248	9304226
9308347	9304226
9311279	9204205
9311312	9210256
9311312	9301220
9311312	9301261
9311312	9306235
9305344	9208228
9305267	9211244
9305267	9211248
9304302	9209248
9304302	9211248
9304302	9908362
9304257	9212203
9310326	9211248
9309330	9212278
9308274	9209213
9308274	9210255
9308274	9302240
9306205	9203220
9306205	9204215
9306205	9204225
9306205	9205240
9306205	9208243
9306205	9209250
9306205	9210235
9308309	9207212
9308309	9209262
9308309	9210242
9308309	9211249
9308309	9211256
9308309	9211260
9308309	9211281
9308309	9212305
9308309	9302202
9308309	9302224
9308309	9307322
9303202	9206203
9303202	9211228
9304289	9208249
9312319	9304289
9312319	9305305
9311366	9210228
9309335	9309299
9306314	9207218
9302220	9206216
9302220	9211215
9302220	9212286
9303230	9205227
9305206	9208254
9302307	9208254
9304255	9203201
9304255	9207209
9304255	9207269
9305204	9203213
9305204	9205230
9310320	9206205
9310320	9212278
9310320	9303230
9310320	9303241
9310320	9303303
9310320	9304299
9310320	9304307
9310320	9305262
9310320	9308363
9310320	9309335
9302267	9206205
9302299	9206247
9211286	9207219
9309289	9212206
9311205	9212206
9304295	9203220
9304295	9203223
9304295	9204215
9304295	9204225
9304295	9207205
9304295	9207212
9304295	9209232
9304295	9209262
9304295	9211228
9306256	9206246
9306256	9206254
9311281	9204225
9311281	9209250
9311281	9212278
9311281	9303230
9311281	9303303
9311281	9303320
9311281	9304307
9308363	9206205
9308363	9212278
9308363	9303230
9308363	9303241
9308363	9304307
9308363	9305262
9304281	9203215
9304281	9212229
9304281	9212268
9304281	9304230
9304281	9306321
9306321	9203215
9306321	9212268
9306321	9304230
9306321	9304281
9306321	9304310
9311214	9206209
9311214	9207213
9311214	9210221
9311214	9212204
9302210	9203201
9302210	9203203
9302210	9204216
9302210	9204228
9302210	9206212
9302210	9206214
9302210	9206266
9302210	9208202
9302210	9208215
9302210	9208227
9302210	9209245
9302210	9209258
9302210	9211211
9302207	9205247
9302207	9209245
9311357	9307364
9311345	9211256
9311345	9211260
9311345	9302244
9308246	9205228
9308246	9209268
9308246	9212289
9308246	9307247
9308246	9308262
9311237	9305225
9311349	9308226
9312212	9303236
9312212	9305321
9303236	9205204
9308271	9211266
9308271	9302227
9302234	9207219
9302234	9211228
9311269	9206218
9311269	9206238
9311269	9207234
9311269	9207253
9311269	9209220
9311269	9209232
9311269	9210235
9311269	9210260
9311269	9211256
9311269	9301267
9311269	9302234
9311269	9303202
9311269	9303274
9311269	9303280
9311269	9303291
9311269	9304277
9311269	9304295
9311269	9306292
9311269	9307201
9311269	9307217
9311269	9307226
9311269	9307249
9311269	9307301
9307201	9210266
9310298	9209205
9310248	9207271
9310248	9209294
9312202	9212229
9312202	9304281
9310367	9207249
9311370	9204211
9311370	9304240
9311222	9209232
9311222	9210235
9311222	9303202
9309293	9206203
9309293	9209232
9309293	9210235
9309293	9303202
9309293	9303274
9305266	9208249
9305340	9203225
9305340	9209262
9303216	9206262
9306289	9303255
9306289	9310316
9306220	9908364
9310253	9303281
9302208	9207228
9308349	9302244
9312296	9203201
9312296	9203203
9312296	9204228
9312296	9206266
9312296	9208215
9312296	9209245
9312296	9212235
9312296	9212248
9312296	9302207
9312296	9302210
9312296	9303317
9312296	9305201
9312296	9305345
9312296	9306296
9312296	9308315
9305345	9203203
9212288	9203201
9212288	9203203
9312215	9203201
9312215	9203203
9312215	9305274
9303251	9203203
9303251	9204216
9303251	9204228
9303251	9211219
9303251	9212248
9212235	9203201
9212235	9203203
9212235	9204216
9212235	9204228
9303317	9203203
9303317	9204228
9303317	9206227
9303317	9206266
9303317	9209245
9212248	9203201
9212248	9203203
9212248	9206227
9212248	9211211
9212248	9305222
9307243	9205243
9307243	9208221
9307243	9208238
9307243	9208248
9304205	9203213
9306212	9206228
9306212	9207213
9312349	9303281
9310228	9303281
9210235	9206203
9212279	9208233
9307203	9203203
9307203	9206229
9307203	9208215
9207236	9205221
9311215	9207214
9311215	9304225
9311215	9308246
9311339	9207214
9311339	9207236
9311339	9209289
9311339	9304225
9310338	9207241
9303256	9207241
9303320	9204215
9303320	9204225
9310212	9209232
9310212	9210235
9310212	9211256
9310212	9303270
9310212	9303274
9310212	9303280
9310212	9304277
9312272	9203223
9312272	9204225
9312272	9206218
9312272	9206238
9312272	9207218
9312272	9207219
9312272	9207234
9312272	9209220
9312272	9209232
9312272	9210235
9312272	9210240
9312272	9210242
9312272	9211256
9312272	9211260
9312272	9212305
9312272	9301267
9312272	9302234
9312272	9302259
9312272	9302317
9312272	9302318
9312272	9303202
9312272	9303270
9312272	9303274
9312272	9303280
9312272	9303291
9312272	9304307
9312272	9307201
9312272	9307226
9312272	9307301
9312272	9307364
9311356	9206221
9311356	9207216
9311356	9507436
9311278	9203203
9311278	9204216
9311278	9206227
9311278	9207245
9311278	9208231
9311278	9210227
9311278	9211314
9311278	9212235
9311278	9304245
9311278	9304272
9210227	9204216
9307266	9207228
9307266	9302208
9304249	9205205
9309266	9204226
9309266	9303238
9309266	9304211
9309266	9306229
9309266	9307324
9309266	9309310
9309310	9204226
9309310	9206208
9312341	9208242
9312341	9303238
9312341	9304211
9312341	9306229
9312341	9307324
9312341	9310361
9312303	9207273
9312303	9207278
9312303	9308205
9308205	9207273
9307301	9211256
9307301	9211260
9307247	9207214
9307247	9207236
9307247	9209289
9307247	9410387
9312269	9211239
9312269	9303271
9312269	9304314
9312269	9305306
9312269	9310309
9311204	9205230
9311204	9207213
9311204	9208241
9311204	9304205
9312339	9308299
9305306	9204212
9305306	9304217
9305306	9310316
9303219	9205222
9303219	9801208
9303219	9801209
9307291	9205228
9307291	9207214
9307291	9207217
9307291	9209268
9307291	9209269
9307291	9209277
9307291	9307247
9307291	9908362
9307291	9908363
9302304	9210208
9309333	9301218
9309333	9304238
9307261	9212225
9308226	9204206
9308226	9204207
9308226	9204237
9308226	9302265
9311256	9208207
9312262	9204229
9312262	9209263
9312262	9211248
9312262	9211256
9312262	9211260
9312262	9303270
9309272	9204229
9309272	9205228
9309272	9209239
9309272	9209241
9309272	9209247
9309272	9209271
9309272	9211248
9309272	9211302
9309272	9212266
9308333	9203220
9308333	9203223
9308333	9204225
9308333	9209232
9308333	9209250
9308333	9210260
9305310	9207234
9306226	9206218
9306226	9207253
9306226	9209220
9306226	9211228
9306226	9211266
9306226	9302234
9308335	9204225
9308335	9206238
9308335	9207219
9308336	9206218
9308336	9209220
9308336	9211228
9308336	9211286
9308336	9302234
9308336	9304277
9304277	9207219
9304277	9209220
9304277	9211228
9304277	9211256
9304277	9211260
9304277	9302317
9306270	9204202
9306270	9206262
9306270	9211262
9307268	9203203
9307268	9204216
9307268	9204228
9307268	9212235
9307268	9305222
9312355	9208231
9312355	9212235
9312355	9212248
9312355	9305201
9312355	9305345
9303308	9211305
9307307	9204229
9307307	9205228
9307307	9302269
9307307	9303224
9307307	9305297
9311348	9209268
9311348	9209269
9204229	9908362
9309223	9204234
9309223	9205230
9309223	9208243
9309223	9209215
9306333	9207237
9306333	9210260
9310297	9302221
9310297	9302222
9308304	9210235
9304216	9207219
9304216	9207234
9304216	9207253
9304216	9208251
9304216	9209220
9304216	9211228
9304216	9302317
9302317	9207219
9311248	9203223
9311248	9211286
9311248	9306248
9305232	9204214
9308277	9206205
9308277	9211266
9212278	9206205
9307322	9210242
9307322	9211249
9307322	9212305
9307322	9302202
9307322	9302224
9307322	9303291
9308204	9205210
9305324	9205210
9305324	9207278
9305324	9209231
9309203	9212203
9303249	9206205
9305223	9211256
9303241	9206205
9312248	9206257
9311297	9204226
9311297	9208242
9311297	9303238
9311297	9306229
9306229	9208242
9306292	9207225
9306292	9211256
9306292	9211260
9304303	111190
9304303	9210255
9304303	9307371
9310358	9205238
9310358	9307371
9310211	9206203
9311306	9207257
9311306	9212204
9311306	9305205
9308278	9209203
9308278	9209240
9308278	9210244
9301255	9209203
9303322	9212280
9307213	9209203
9307213	9209240
9309231	9209203
9309231	9209240
9309231	9210244
9309231	9301255
9309231	9303322
9212252	9209203
9305219	9209203
9305219	9209240
9408213	9207214
9408213	9208207
9408213	9211256
9408213	9211260
9408213	9303270
9408213	9304218
9408213	9307301
9408213	9307364
9408213	9311207
9408213	9311228
9309240	9206205
9309240	9207213
9309240	9208241
9309240	9303241
9303303	9203220
9303303	9204225
9303303	9205240
9303303	9206205
9307235	9208213
9311225	9207234
9311225	9211256
9311225	9211260
9311225	9303202
9312201	9211256
9312201	9211260
9312201	9306271
9311372	9207212
9311372	9209232
9311372	9211256
9311372	9211260
9311372	9303270
9311372	9304308
9311372	9306271
9309287	9206242
9309287	9206244
9310215	9206203
9310215	9207219
9310215	9209220
9310215	9210235
9310215	9211228
9310215	9301267
9310215	9302234
9312277	9212285
9310378	9302240
9310378	9308274
9310378	9612284
9310378	9612287
9302288	9205238
9212285	9205238
9305273	9205238
9312323	9308274
9303273	9206203
9303273	9211322
9312308	9204211
9312308	9305287
9305287	9205209
9312343	9312343
9308258	9209299
9308258	9301272
9308258	9301289
9308258	9301290
9308258	9901206
9301290	9901206
9209299	9207207
9209299	9207209
9307284	9203203
9307284	9305274
9309299	9303230
9309208	9211204
9310374	9203206
9310374	9209245
9310374	9209285
9306293	9203206
9306293	9205229
9306293	9212219
9306293	9305274
9308292	9303230
9309246	9205237
9309246	9211322
9309246	9303273
9306244	9211322
9306244	9303273
9310379	9205243
9310379	9208221
9310379	9208238
9310379	9302214
9310379	9307241
9310379	9307242
9310379	9307243
9310379	9307244
9310379	9307245
9310379	9310365
9310379	9310369
9308288	9207214
9308288	9209268
9308288	9209269
9308288	9304225
9308288	9308246
9308288	9308262
9307371	111190
9307371	9307327
9309239	9209223
9312291	9207278
9307295	9301289
9307295	9301290
9307295	9901206
9310329	9302247
9209268	9204237
9310314	9207213
9310314	9210221
9310314	9301239
9311329	9301218
9310285	9207214
9310285	9207236
9310285	9209289
9310285	9304225
9311243	9207214
9311243	9212289
9311243	9304225
9312217	9207213
9312217	9207237
9312217	9209223
9312217	9301291
9312217	9302267
9312217	9303307
9303307	9207237
9303307	9211325
9207237	9203220
9212233	9207214
9310324	9302203
9301218	9208206
9303281	9210253
9303281	9211282
9312258	9211248
9312258	9305267
9312258	9305348
9312258	9308264
9307329	9207265
9306240	9212308
9306240	9302280
9310365	9307241
9310365	9307242
9310365	9307243
9310365	9307244
9310365	9307245
9310369	9307241
9310369	9307242
9310369	9307244
9307241	9205243
9307241	9208221
9307241	9208238
9307241	9208248
9307244	9205243
9307244	9208221
9307244	9208238
9307245	9208238
9310376	9301244
9310376	9301249
9309294	9206246
9309294	9211225
9309294	9303239
9309294	9303277
9308322	9303255
9311258	9301265
9311258	9301289
9311258	9303268
9311258	9901206
9211244	9207214
9308324	9207234
9308324	9208251
9308324	9307208
9312251	9206218
9312251	9210242
9312251	9211228
9312251	9303202
9312251	9303274
9306207	9205240
9306207	9206203
9306207	9209232
9306207	9211256
9306207	9211260
9307312	9211204
9307249	9211256
9307249	9211260
9307208	9207234
9307208	9208251
9307208	9210242
9307208	9210272
9307208	9302224
9307208	9302318
9309317	9208213
9205230	9203206
9308295	9210277
9311260	9303255
9209285	9203206
9209285	9205230
9209285	9207209
9303205	9208254
9308241	9206241
9312302	9302307
9312302	9303205
9312302	9305206
9312302	9305260
9312302	9307222
9212271	9206242
9212284	9206242
9301232	9206242
9307265	9206242
9307265	9207264
9307265	9210260
9307265	9212271
9302271	9303304
9207264	9206242
9312312	9206242
9312312	9207264
9312312	9212284
9312312	9302271
9312312	9304294
9312312	9307265
9306264	9206242
9306264	9207264
9311316	9206236
9311316	9304262
9310247	9212236
9302290	9207207
9302290	9209299
9307316	9207209
9307316	9209299
9312220	9304225
9312220	9308246
9312220	9308262
9302233	9205231
9208244	9203225
9208244	9204207
9209239	9203225
9304262	9206236
9308337	9204237
9308337	9206241
9308337	9211311
9308287	9204229
9308287	9207214
9308287	9209268
9308287	9212289
9308287	9304225
9308287	9307247
9308287	9308246
9308287	9308262
9306318	9205247
9302312	9204214
9305258	9205203
9305258	9206225
9305258	9209255
9305258	9211223
9305258	9211312
9304265	9204207
9304265	9204229
9304265	9205228
9304265	9206241
9304265	9209241
9209272	9204206
9209272	9204212
9209272	9205228
9306319	9203223
9306319	9207212
9306285	9305212
9308210	9203225
9308210	9205221
9308210	9209248
9308210	9211248
9306325	9207234
9311293	9302207
9302255	9206262
9302255	9209245
9307298	9205233
9308225	9211224
9308262	9205228
9308262	9207214
9308262	9209268
9308262	9302269
9308262	9308246
9305314	9204203
9308289	9207266
9308289	9210213
9308289	9302280
9310266	9303272
9310266	9402286
9210276	9204204
9304263	9211256
9307369	9211332
9305229	9211267
9308359	9302250
9312324	9204204
9312324	9207226
9306322	9206262
9306322	9301265
9306322	9303204
9312338	9211311
9312306	9205228
9312306	9207214
9312306	9304225
9311325	9204229
9311325	9209268
9311325	9209269
9311325	9304225
9312359	9207214
9312359	9207236
9312359	9304225
9209220	9206203
9311375	9306236
9307223	9207278
9307223	9212229
9308273	9203203
9311343	9203211
9311343	9204210
9311343	9206239
9311343	9301218
9311343	9306219
9306219	9206239
9305272	9206262
9305272	9207267
9211292	9204204
9303225	9205210
9303225	9206205
9303225	9207222
9303225	9207233
9210233	9204204
9311365	9211221
9307251	9211296
9307251	9301253
9307299	9303255
9308229	9303255
9303269	9204216
9303269	9206240
9212296	9205205
9212296	9207266
9309309	9204237
9309309	9206241
9309309	9211311
9210260	9204215
9310307	9204215
9310307	9204225
9310307	9209232
9307344	9203220
9307344	9204215
9307344	9204225
9307344	9209232
9307344	9209250
9307344	9303217
9307344	9303320
9307344	9306335
9311307	9208243
9311307	9307317
9311307	9310307
9311307	9310368
9308371	9209279
9308371	9211311
9308308	9209279
9308308	9211311
9311232	9204229
9311232	9205228
9311232	9209268
9311232	9209269
9311232	9304225
9310313	9205213
9310313	9901214
9303296	9211266
9209292	9203210
9311290	9208249
9311290	9303255
9312268	9209205
9307248	9209205
9305275	9203201
9305275	9203203
9305275	9206214
9305275	9206266
9305275	9305274
9305322	9309234
9302201	9206242
9308338	9205238
9308338	9212285
9303226	9301259
9209250	9203220
9310227	9211250
9306295	9306208
9312266	9212203
9312266	9302244
9312266	9303284
9312266	9307364
9308214	9205232
9312210	9209260
9312210	9209294
9312210	9301265
9312210	9303204
9312210	9303216
9312210	9303268
9312350	9309263
9308235	9303273
9308365	9205234
9308365	9210235
9307324	9303238
9211248	9206241
9211248	9209248
9302265	9204207
9302265	9206241
9307209	9209224
9312278	9203201
9312278	9204202
9312278	9207269
9312278	9209296
9312278	9211262
9312278	9301231
9312278	9301288
9312278	9302284
9312278	9304209
9312278	9304255
9312278	9306209
9312278	9308342
9310310	9302206
9312348	9206205
9312348	9303241
9310302	9212229
9306310	9204207
9306310	9302265
9309218	9207234
9309218	9208251
9309218	9210241
9309218	9301267
9308270	9205217
9305205	9207213
9305205	9210221
9305205	9212204
9310233	9303255
9308223	9208245
9308223	9212301
9308223	9302220
9310355	9206236
9305280	9206213
9305280	9308269
9305280	9308358
9308269	9206213
9308269	9209203
9308358	9308269
9311257	9208228
9311257	9211240
9311257	9301286
9311257	9301289
9311257	9301290
9311257	9307295
9311257	9901206
9306296	9203203
9306296	9305274
9305201	9203203
9305201	9204228
9305201	9210278
9308315	9205247
9308315	9208205
9308315	9302207
9308315	9303317
9302302	9205209
9306277	9204206
9306277	9205228
9306277	9205243
9306277	9206241
9306277	9209239
9306277	9209241
9304258	9206247
9307330	9206241
9307330	9209239
9307330	9209241
9307330	9209262
9307330	9211248
9209262	9203225
9209262	9204207
9211302	9908362
9211302	9908363
9312325	9205228
9312325	9212289
9312325	9908362
9312325	9908363
9308283	9203225
9308283	9205228
9308283	9206241
9308283	9208244
9308283	9209239
9308283	9209241
9308283	9209262
9308283	9211267
9308283	9302269
9212295	9206230
9212295	9208244
9212295	9209239
9212295	9209241
9212295	9212230
9312227	9207217
9312227	9208207
9312227	9304319
9312227	9306320
9312227	9307260
9312227	9309270
9312227	9311309
9211267	9204207
9212205	9203225
9210280	9207219
9210280	9207237
9301267	9207219
9308215	9204215
9304298	9207219
9304298	9209220
9304298	9211228
9304298	9211256
9304298	9211260
9311277	9206218
9311277	9211286
9311277	9302234
9311277	9303231
9311277	9304235
9311277	9304277
9311277	9304298
9308266	9207253
9308266	9209220
9308266	9211228
9308266	9211256
9308266	9211260
9308266	9302234
9308266	9303270
9308266	9304277
9303231	9203223
9303231	9207212
9303231	9207219
9303231	9211228
9307320	9205237
9307320	9209232
9307320	9210235
9307320	9211322
9311228	9206218
9311228	9208207
9311228	9211256
9311228	9211260
9311228	9303270
9311228	9303279
9311228	9303280
9311228	9304277
9311228	9307249
9311228	9307301
9212226	9208253
9212226	9209204
9212226	9211247
9308317	9211247
9308317	9212226
9308317	9302214
9312229	9207214
9309216	9207269
9301258	9203220
9301258	9204215
9301237	9205245
9312264	9310316
9311259	9203215
9311259	9203216
9311259	9212229
9311259	9212268
9311259	9304230
9311259	9304240
9311259	9304281
9311259	9304310
9311259	9306310
9311259	9308201
9311259	9308276
9311259	9310282
9304310	9203215
9304310	9203216
9304310	9212229
9304310	9212268
9304310	9304281
9308276	9208220
9308201	9204211
9308201	9212229
9308201	9212268
9308201	9304230
9308201	9304240
9308201	9304281
9308201	9304310
9308201	9306321
9307230	9209268
9307230	9209269
9310372	9209268
9310372	9210205
9311360	9204215
9311360	9207237
9311360	9208243
9311360	9209215
9311360	9209232
9311360	9212267
9311360	9301291
9311379	9212307
9312207	9212307
9311226	9205245
9311226	9208240
9305233	9209204
9305207	9210253
9305207	9211282
9305207	9303281
9311213	9210212
9311213	9210213
9311213	9210214
9312276	9210212
9312276	9210213
9312276	9210214
9312276	9302280
9209277	9908362
9209277	9908363
9306279	9204225
9306279	9205240
9306279	9206218
9306279	9207205
9306279	9207212
9306279	9209232
9306279	9209262
9306279	9210242
9306279	9211228
9306279	9211256
9306279	9212305
9306279	9302202
9306279	9302224
9211228	9206203
9211228	9207219
9209246	9208233
9311358	9212264
9311265	9205218
9311265	9206221
9311265	9207216
9311265	9209207
9311265	9211310
9311265	9302253
9311265	9303255
9311265	9303286
9311284	9212285
9203222	9908362
9311337	9207214
9311337	9207236
9311337	9209289
9311337	9212289
9311337	9304225
9212227	9207214
9307297	9305207
9301287	9206205
9310363	9209215
9310363	9306297
9312333	9302280
9312333	9304249
9312333	9311213
9312333	9312276
9209213	9310316
9309234	9302250
9308369	9204229
9308369	9205228
9308369	9908362
9212210	9207204
9212210	9711349
9212210	9711351
9304267	9205247
9304267	9206266
9304267	9209245
9310243	9211276
9309316	9203202
9309316	9209285
9309316	9301213
9309316	9302292
9301231	9203201
9301231	9203203
9301231	9207269
9309249	9208205
9311352	9205202
9310273	9302292
9210221	9203213
9209296	9206212
9312347	9205220
9312347	9207269
9312347	9306209
9305235	9203225
9305235	9204207
9305235	9206230
9305235	9209239
9305235	9209241
9305235	9209262
9305235	9211267
9303299	9207216
9312329	9207216
9312329	9212259
9312329	9303299
9303286	9207216
9303286	9209207
9308251	9206219
9308251	9206221
9308251	9207216
9304314	9208256
9304314	9208257
9304319	9208207
9311294	9203222
9311294	9311294
9310279	9303237
9301271	9206227
9310231	9302231
9307277	9209252
9211216	9204206
9305222	9203201
9305222	9203203
9305222	9204216
9305222	9204228
9305222	9206227
9305222	9211211
9211211	9203201
9211211	9203203
9211211	9204228
9310206	9203223
9309202	9301265
9309202	9301272
9309202	9301283
9311207	9211260
9311207	9303270
9311207	9304277
9311207	9304298
9312321	9301222
9309257	9203203
9309257	9205232
9309257	9206227
9309257	9210253
9309257	9212265
9309257	9301271
9310375	9305245
9310281	9302281
9310281	9305335
9307255	9206262
9311219	9210249
9311219	9305280
9311219	9306284
9311219	9307356
9303217	9204225
9303217	9205240
9302269	9203222
9302269	9204229
9302269	9204237
9302269	9205228
9302269	9908362
9305254	9205237
9305254	9206218
9305254	9207240
9305254	9207253
9305254	9211266
9305254	9211322
9305254	9302234
9310327	9211322
9308232	9203211
9308232	9204210
9308232	9206239
9303288	9205212
9303288	9207239
9303288	9207245
9303288	9208217
9303288	9208239
9208231	9203203
9211219	9204228
9211219	9206227
9211303	9203203
9211303	9204228
9308257	9203211
9306298	302003
9306298	9203211
9306298	9206239
9306236	9212317
9309247	9301279
9308313	9211226
9308313	9212277
9308313	9302209
9308313	9304309
9308313	9308244
9308313	9308264
9308244	9209277
9308244	9303270
9308244	9305267
9308244	9305289
9302209	9208207
9302209	9210275
9211226	9212277
9304309	9204229
9304309	9211226
9304309	9212277
9304209	9204202
9212212	9204222
9310286	9206262
9310286	9207271
9310286	9301265
9310286	9303204
9308234	9203201
9308234	9203203
9308234	9204228
9308234	9206227
9308234	9206266
9308234	9212235
9308234	9212248
9308234	9301285
9308234	9303317
9301285	9203201
9301285	9204228
9301285	9206227
9301285	9206266
9310346	9302279
9310346	9303248
9310346	9305306
9310346	9306289
9310346	9307238
9310346	9310272
9310348	9211256
9310348	9211260
9310348	9303274
9310332	9303270
9310222	9209235
9310222	9210253
9304254	9203201
9304254	9203203
9304254	9204216
9304254	9204228
9304254	9206227
9304254	9211211
9211258	9207269
9306209	9205220
9306209	9207269
9309241	9211256
9309241	9211260
9309241	9303270
9309241	9304277
9307363	9204239
9307363	9208206
9307363	9208211
9311234	9211247
9303276	9204210
9303276	9205235
9308318	9211240
9308318	9301265
9308318	9301272
9308318	9301289
9308318	9301290
9308318	9303268
9308318	9304312
9308318	9901206
9304213	9206262
9304213	9209294
9311376	9209205
9311376	9301202
9311255	9306289
9308208	9211266
9312221	111190
9312221	9203203
9312221	9205232
9312221	9208231
9312221	9210278
9312221	9212235
9312221	9212288
9312221	9303282
9312221	9305274
9312221	9305345
9307232	9301259
9307232	9301265
9307232	9303226
9210281	9203222
9312243	9302247
9308342	9211262
9310217	9208220
9310217	9210208
9310217	9301252
9310217	9302203
9307259	9210277
9307259	9301252
9307253	9203203
9306245	9211224
9312293	9203203
9312293	9206243
9312293	9212224
9312293	9302233
9312293	9303317
9312293	9304256
9312293	9305345
9312293	9306296
9312293	9308273
9304256	9203203
9212224	9203201
9307260	9208207
9305304	9205228
9305304	9207217
9305304	9209263
9305304	9209268
9305304	9209269
9305304	9209271
9305304	9908363
9309236	9211304
9309236	9302244
9310293	9211239
9306287	9305240
9303220	9203222
9303220	9206241
9303220	9908362
9303220	9908363
9310232	9210228
9310232	9303291
9312245	9302298
9311251	9203220
9311251	9206218
9311251	9209232
9311251	9210251
9311251	9303202
9311251	9303274
9311251	9303291
9311251	9304295
9307210	9206240
9309230	9211248
9309230	9303220
9305291	9210253
9305291	9211282
9305291	9303281
9305291	9305207
9312265	9204228
9206222	9204220
9311359	9205230
9311359	9207209
9311359	9207213
9311359	9208241
9311359	9209285
9311359	9209299
9311359	9211320
9311359	9302292
9311359	9302316
9311359	9304205
9311359	9306252
9308231	9305221
9304235	9207219
9304235	9209220
9304235	9211228
9302306	9208249
9311335	9208207
9309220	9301253
9308280	9208212
9309210	9212282
9312320	9205210
9312320	9205241
9303221	9208256
9303221	9208257
9308290	9302313
9303207	9203225
9303207	9205243
9303207	9207235
9303207	9208221
9303207	9208248
9303207	9209239
9303207	9209241
9303207	9209248
9303207	9209275
9303207	9211239
9303207	9211248
9303207	9301242
9303207	9302296
9312225	9205228
9312225	9209247
9312225	9209248
9312225	9211248
9312225	9302269
9310309	9208248
9310309	9303207
9310309	9304314
9311319	9206254
9311319	9303215
9311285	9310316
9312237	9209213
9312237	9305306
9312237	9306289
9312237	9310316
9302205	9203203
9302205	9206212
9302205	9206227
9302205	9206266
9302205	9207237
9302205	9302221
9308348	9207213
9308348	9210221
9308348	9211320
9303293	9203223
9304305	9204207
9304305	9204229
9304305	9204238
9304305	9206230
9304305	9209247
9304305	9209291
9304305	9210205
9305208	9205229
9305208	9304244
9312218	9205205
9312218	9207266
9312218	9212308
9312218	9301226
9312218	9302280
9312218	9304249
9312218	9305239
9312218	9308330
9308370	9303255
9305315	9305260
9308340	9205222
9311249	9205233
9311249	9205247
9311249	9206214
9311249	9208205
9311249	9209245
9311249	9305274
9311249	9306318
9311249	9307301
9311249	9308217
9311249	9309249
9306237	9210208
9305230	9207212
9312360	9211256
9312360	9211260
9312360	9302267
9312360	9303241
9301252	9204202
9310304	9302213
9312318	9303255
9312253	9207213
9312253	9208243
9312253	9209250
9312253	9304205
9312238	9203216
9312238	9204211
9312238	9207278
9312238	9209260
9312238	9212229
9308209	9203210
9308209	9205202
9308209	9205240
9308209	9205247
9308209	9206238
9308209	9207253
9308209	9208205
9308209	9209232
9308209	9209245
9308209	9210235
9308209	9210240
9308209	9211256
9308209	9211260
9308209	9211266
9308209	9212305
9308209	9302227
9308209	9303270
9308209	9304307
9203210	9801208
9203210	9801209
9305319	9209205
9311350	9210253
9311350	9210276
9208230	9203202
9208230	9205230
9304228	9205212
9304228	9207239
9304228	9208217
9302254	9206233
9302254	9208247
9305297	9209277
9305297	9210205
9305297	9908362
9212267	9203220
9308275	9206242
9308275	9207213
9308275	9210221
9308275	9302201
9205220	9506358
9311346	9203203
9311346	9211314
9311346	9212235
9311346	9212248
9311346	9304245
9311346	9305201
9311346	9307268
9309320	9203203
9309320	9204216
9309320	9204228
9309320	9211219
9309320	9212235
9309320	9303317
9212273	9205233
9308263	9310316
9312257	9204229
9312257	9304225
9312224	9304225
9312224	9307247
9312224	9308246
9312224	9311215
9312255	9302298
9312255	9302300
9309292	9207257
9304247	9207247
9310335	9206227
9310335	9303235
9310335	9305209
9309251	9301238
9311324	9211211
9307214	9203206
9307214	9211266
9303297	9203223
9303297	9206257
9303297	9206262
9303297	9207212
9312204	9212264
9312304	9203225
9312304	9204207
9312304	9206230
9312304	9208244
9312304	9209239
9312304	9209241
9312304	9209262
9312304	9211267
9312304	9212230
9310333	9203223
9310333	9207269
9310333	9211331
9303227	9211329
9303227	9212287
9311332	9305321
9312239	9310337
9305298	9204207
9305298	9206230
9305298	9209204
9305298	9209239
9305298	9209241
9305298	9209257
9305298	9209262
9305298	9212226
9305298	9302214
9305282	9211249
9305282	9212305
9305282	9302202
9305282	9302224
9311378	9302279
9311378	9303205
9311378	9303255
9311378	9311260
9311280	9305228
9311280	9306259
9312352	9209279
9312352	9212203
9312352	9303284
9307336	9208232
9309235	9211282
9309235	9305207
9309235	9305291
9309235	9306260
9309235	9307297
9309235	9307336
9209244	9207278
9302259	9207219
9302259	9211201
9311313	9212285
9301223	9204207
9301223	9205228
9310244	9301252
9311212	9204206
9311212	9205228
9311212	9212289
9311212	9304225
9311212	9305260
9306238	9203203
9302258	9203201
9302258	9203203
9304245	9211314
9311242	9204207
9311242	9303305
9306278	9207209
9306278	9207213
9306278	9209299
9311317	9207257
9311317	9304205
9302257	9208249
9307226	9302227
9312213	9206218
9312213	9207234
9312213	9208251
9312213	9209232
9312213	9210235
9312213	9301204
9312213	9302318
9312213	9303202
9312213	9303274
9312213	9303291
9312213	9306204
9312213	9307208
9312213	9307249
9312280	9207256
9312280	9208245
9305248	9203223
9305248	9206203
9305248	9206257
9305248	9210266
9305248	9211256
9305248	9211260
9305248	9212305
9301250	9210210
9311367	9203203
9311367	9206214
9311367	9306296
9309311	9208207
9309311	9211332
9304233	9204211
9304233	9210207
9304233	9303254
9302315	9205233
9302276	9205230
9302276	9209206
9209206	9205230
9308351	9205210
9308351	9206236
9308351	9209231
9308256	9209288
9304320	9203217
9311282	9212265
9311282	9304269
9310368	9205230
9310368	9207213
9310368	9208241
9310368	9209215
9310368	9210251
9310368	9302292
9310368	9304205
9310352	9207213
9310352	9210221
9310352	9305257
9304217	9204212
9312300	9303272
9312300	9306289
9312300	9310272
9312300	9310316
9312300	9310321
9310272	9204212
9310272	9209213
9310272	9211239
9310272	9304217
9310272	9306289
9310272	9308263
9310272	9309317
9310272	9310316
9306252	9207209
9306252	9209299
9301213	9205230
9301213	9209285
9304229	9203206
9304229	9204205
9304229	9209285
9304229	9302221
9309214	9203201
9309214	9207269
9309214	9209285
9309214	9301231
9309214	9302221
9308261	9211243
9308261	9212256
9312233	9205221
9312233	9207236
9312233	9208254
9312233	9209289
9309319	9203206
9309319	9205202
9307290	9204207
9307290	9204217
9307290	9908362
9307290	9908363
9310345	9711349
9312305	9209205
9308346	9204204
9308346	9207218
9308346	9507436
9208262	9203202
9309261	9302220
9311227	9203220
9311227	9204215
9311227	9204225
9311227	9204232
9311227	9205240
9311227	9209215
9311227	9209250
9311227	9210260
9311227	9303320
9312287	9207209
9312287	9207213
9312287	9207269
9312287	9208230
9312287	9209285
9312287	9209296
9312287	9209299
9312287	9211320
9312287	9302316
9312287	9304255
9312287	9307252
9309285	9305228
9211207	9203220
9309331	9203223
9309331	9207212
9312223	9304303
9312223	9307371
9301241	9206241
9310255	9207219
9310255	9209220
9310255	9302317
9310255	9304277
9310245	9303281
9206248	9612326
9310218	9206218
9310218	9207253
9310218	9210235
9310218	9211256
9310218	9211260
9310218	9301268
9305289	9204214
9305289	9206205
9305289	9210232
9308345	9205246
9304293	9207278
9311351	9204220
9311351	9206254
9311351	9311351
9302241	9203211
9302241	9205231
9310361	9208242
9310361	9303255
9306265	9207249
9306265	9211223
9211223	9206222
9211223	9206225
9211223	9207249
9206255	9204220
9302264	9209213
9311320	9205203
9311320	9206222
9311320	9206225
9311320	9207249
9311320	9210231
9311320	9211223
9311320	9302210
9312231	9205238
9312231	9212285
9312231	9308203
9312231	9508390
9311331	9205221
9311331	9207214
9311331	9207236
9311331	9209289
9212266	9908363
9301239	9203213
9311250	9204212
9311250	9304217
9311250	9305306
9311250	9310272
9211225	9206261
9206261	9204220
9308323	9204225
9308323	9206203
9308323	9206218
9308323	9206238
9308323	9207219
9308323	9207237
9308323	9207279
9308323	9209220
9308323	9209232
9308323	9209250
9308323	9210235
9308323	9210240
9308323	9211228
9308323	9211266
9308323	9211286
9308323	9211325
9308323	9302234
9308323	9302317
9308323	9302318
9308323	9303307
9308323	9304277
9308341	9210253
9311231	9209296
9311231	9211322
9311296	9203203
9311296	9206214
9309242	9203203
9309242	9208202
9207223	9908362
9312297	9212203
9312297	9303284
9309270	9204229
9309270	9209263
9309270	9209271
9309270	9211226
9309270	9212266
9309291	9209248
9309291	9304302
9310265	9204225
9310265	9204234
9310265	9207213
9310265	9209215
9308372	9302257
9309306	9210205
9309277	9206203
9309277	9206238
9309277	9207234
9309277	9209250
9309277	9210235
9309277	9210240
9309277	9212285
9309277	9302317
9308364	9203203
9308364	9208215
9308364	9212235
9308364	9306296
9308364	9308214
9308364	9308265
9303282	9203201
9303282	9203203
9303282	9204228
9303282	9208215
9303282	9209227
9303282	9210278
9303282	9301285
9210278	9203201
9210278	9203203
9210278	9209227
9308354	9211256
9308354	9303249
9308248	9204211
9308248	9206246
9303258	9210208
9305255	9210235
9309217	9211322
9312363	9302280
9312363	9305239
9312363	9307345
9312363	9312333
9212219	9203206
9212219	9205230
9310260	9203206
9310292	9209232
9310292	9210235
9310292	9303202
9310292	9303274
9310269	9207213
9310269	9208243
9310269	9304205
9311300	9301261
9312271	9303241
9310290	9210274
9305265	9205203
9305265	9206225
9305265	9209255
9305265	9210231
9305265	9305258
9306286	9205227
9306286	9211266
9306286	9302227
9309201	9207269
9309201	9209285
9309201	9209296
9309201	9301231
9309201	9307252
9305293	9212250
9307275	9203220
9307275	9204225
9307275	9208243
9307275	9209232
9307275	9209250
9307275	9210251
9307275	9303303
9310323	9208213
9309329	9305333
9310349	9302292
9310349	9307328
9310349	9310273
9307361	9204211
9307361	9206225
9307361	9206249
9209208	9203206
9209208	9205229
9309245	9205245
9309245	9302272
9309245	9304282
9309245	9307371
9310318	9301270
9308297	9205217
9311353	9203201
9311353	9203203
9311353	9206235
9311353	9210243
9311353	9211314
9311353	9304234
9309229	9208253
9307373	9207258
9307373	9212229
9310256	9207262
9310256	9208241
9304294	9206242
9304294	9206244
9310230	9206242
9310230	9207264
9310230	9212282
9205224	9204213
9311371	9203206
9312214	9210256
9312214	9301220
9312214	9301261
9312214	9301268
9312214	9306235
9312214	9311300
9312214	9311312
9311267	9301218
9312340	9308299
9306232	9212293
9307231	9209285
9307231	9209296
9307328	9208260
9307328	9209259
9307328	9209288
9302274	9208238
9307354	9211249
9307354	9212305
9307354	9302202
9307354	9302224
9302242	9203211
9302310	9205235
9311302	9205205
9311302	9210253
9311302	9303281
9311302	9305269
9311302	9308238
9311302	9308289
9310278	9211213
9310278	9303221
9311308	9207214
9311308	9304225
9311308	9307247
9311308	9308246
9311308	9308262
9311308	9308288
9210257	9207219
9308238	9203223
9308238	9209220
9306247	9205212
9306247	9207239
9306247	9208217
9306247	9208239
9312211	9301239
9312211	9305257
9307211	9203210
9307211	9204225
9307211	9206203
9307211	9206218
9307211	9206238
9307211	9207219
9307211	9207234
9307211	9207237
9307211	9207253
9307211	9208251
9307211	9209220
9307211	9209232
9307211	9209250
9307211	9210235
9307211	9210240
9307211	9211228
9307211	9211256
9307211	9211260
9307211	9211266
9307211	9211325
9307211	9302227
9307211	9302234
9307211	9302317
9307211	9302318
9307211	9303307
9304214	9208245
9312219	9208253
9312219	9208256
9312219	9208257
9312219	9209204
9312219	9308284
9312330	9301218
9312330	9301292
9312281	9301218
9312281	9309289
9312281	9311205
9212299	9206266
9312241	9207217
9308268	9212204
9305243	9211230
9305243	9212305
9302314	9203203
9302314	9206227
9309269	9301277
9309269	9305274
9211234	9205247
9311288	9205201
9311288	9206262
9311288	9303238
9303257	9210208
9302277	9207212
9210275	9209248
9305216	9206203
9305216	9209232
9209233	9203201
9209233	9203203
9310226	9211307
9310226	9302261
9310226	9302292
9306302	9210239
9306302	9303255
9312209	9205228
9312209	9302269
9311338	9204204
9311338	9205204
9311338	9210233
9311338	9211292
9301217	9203203
9308327	9307242
9308301	9212250
9305236	9203220
9305236	9204215
9305236	9209232
9305236	9210260
9311238	9305225
9311241	9206203
9311241	9206218
9311241	9207219
9311241	9209220
9311241	9210235
9311241	9211286
9311241	9302234
9311241	9302317
9311241	9302318
9311241	9303231
9311241	9304216
9311241	9304235
9311241	9304277
9311241	9304298
9309301	9203225
9309301	9209239
9309301	9209256
9309301	9302296
9309301	9303207
9311244	9204212
9311244	9304217
9311244	9308259
9308259	9204212
9307331	9206236
9307331	9209261
9311310	9207237
9311310	9211325
9311310	9301291
9311299	9307241
9311299	9307242
9311299	9307243
9311299	9307244
9311299	9307245
9309327	9210255
9309327	9309327
9302321	9203203
9309206	9308299
9304203	9209288
9301228	9203203
9301228	9206214
9301228	9206266
9310371	9209215
9306311	9204225
9306311	9207219
9312282	9210219
9312282	9308292
9310289	9302294
9312208	9203201
9312208	9203203
9312208	9207245
9312208	9212224
9312208	9212235
9312208	9212288
9312208	9302292
9312208	9305274
9312208	9305345
9307216	9204229
9307216	9205228
9307216	9209268
9307216	9209269
9307216	9209271
9307216	9212266
9307216	9302269
9302301	9204215
9310299	9301244
9310299	9305332
9212318	9203206
9212318	9205230
9212318	9209285
9212318	9212245
9312254	9207256
9308260	9212265
9306263	9211296
9308228	9204205
9306284	9210249
9303232	9210249
9311354	9209204
9311354	9211247
9311354	9302247
9311354	9303311
9311354	9304275
9307313	9210277
9211334	9203201
9211334	9203203
9310251	9211248
9308343	9204211
9311327	9209269
9309296	9211256
9309296	9211260
9309296	9303279
9309296	9303280
9308211	9301261
9312232	9306264
9312232	9306290
9309222	9206219
9309222	9207216
9309222	9207258
9309222	9212259
9309222	9303299
9308361	9204204
9308361	9207218
9308361	9307343
9308361	9308346
9303314	9203222
9303314	9210281
9302287	9206242
9302287	9304294
9310306	9208249
9310306	9305306
9310306	9305322
9310306	9306289
9310306	9309234
9212230	9206230
9209295	9206205
9311236	9301236
9311318	9209231
9311318	9302206
9311318	9305324
9207208	9203206
9312322	9206202
9312322	9207273
9312322	9212208
9309225	9204210
9309254	9308271
9306258	9205201
9306258	9205209
9312206	9206218
9312206	9211286
9312206	9302234
9312206	9304277
9312206	9304298
9312206	9307347
9211236	9207269
9307283	9206230
9307333	9212229
9311252	9203220
9311252	9206238
9311252	9209232
9311252	9209250
9311252	9210235
9311252	9210240
9311252	9210251
9311252	9210260
9311252	9303202
9311252	9303303
9311252	9304295
9307315	9208254
9211331	9206249
9211331	9206254
9308206	9302248
9308206	9303255
9306280	9208249
9306334	9302232
9210209	9205210
9308247	9306227
9308233	9203220
9308233	9203223
9308233	9205240
9308233	9207212
9308233	9209232
9308233	9209250
9308233	9209262
9308233	9210251
9309271	9206219
9309271	9207216
9309271	9212259
9309271	9303299
9309259	9211257
9309259	9305280
9309259	9308269
9309259	9308358
9305261	9205212
9207201	9203215
9207201	9203216
9207201	9205226
9310308	9304303
9310308	9307327
9310308	9307371
9310308	9309245
9406284	9207214
9406284	9207236
9406284	9209289
9406284	9304225
9406284	9307247
9406284	9307291
9406284	9308246
9406284	9308262
9406284	9308288
9310201	9204211
9310201	9207278
9312327	9206236
9212286	9206216
9212286	9211215
9308239	9204202
9308239	9207269
9306328	9205227
9311295	9305333
9308314	9207242
9302296	9203225
9302296	9209248
9302226	9206249
9302226	9206254
9302226	9206255
9305203	9303311
9304264	9311316
9304264	9312260
9309325	9207225
9309325	9212278
9309325	9303241
9309325	9304307
9309325	9306292
9305212	9205215
9307258	9303235
9307258	9305209
9305217	9212203
9311287	9211226
9311287	9212277
9311287	9305349
9311287	9308313
9311287	9310216
9311287	9311276
9308377	9206218
9308377	9207219
9308377	9207234
9308377	9207253
9308377	9209220
9308377	9211228
9308377	9302317
9308377	9302318
9206252	9203207
9306288	9310316
9303240	9205230
9303240	9207237
9312263	9311300
9305211	9203225
9212220	9206241
9310263	9209278
9310263	9211285
9308219	9206242
9307293	9210235
9307293	9210240
9306297	9207213
9306297	9208243
9306297	9209215
9312261	9310316
9312307	9302247
9312307	9304275
9304244	9203210
9304244	9207218
9304244	9212305
9304244	9301267
9304244	9302259
9310275	9301266
9304284	9203201
9304284	9203203
9304284	9204216
9304284	9204228
9304284	9206227
9210223	9206266
9307358	9301237
9307358	9306291
9309315	9206219
9309315	9206221
9309315	9207216
9310354	9212268
9310354	9308259
9312332	9206219
9312332	9207216
9312332	9212259
9312332	9303299
9308250	9206225
9308250	9212275
9307367	9204202
9307367	9206262
9307367	9211256
9307367	9211260
9307367	9211262
9307367	9303270
9307367	9303277
9310203	9207228
9310203	9302208
9310203	9801208
9309278	9308299
9309278	9309206
9303203	9206262
9308285	9203225
9308285	9206241
9308285	9209248
9308285	9211248
9311304	9203225
9311304	9205228
9311304	9206241
9311304	9308337
9306281	9204204
9307288	9209268
9307288	9211256
9307288	9211260
9310328	9203211
9309281	9206203
9309281	9207279
9309281	9210235
9211253	9208254
9312242	9305269
9308321	9206242
9308321	9209207
9308321	9211310
9311330	9306289
9311330	9310316
9310213	9206225
9311262	9212297
9311262	9212298
9310300	9209257
9310300	9210208
9310300	9301295
9310300	9302274
9310300	9303257
9310300	9307241
9310300	9307242
9310300	9307244
9310300	9307245
9309300	9211209
9309300	9212278
9311291	9210249
9311291	9306208
9311291	9306284
9311291	9306295
9311224	9209252
9312353	9204206
9312353	9206241
9312353	9212315
9312353	9306310
9312353	9308226
9307360	9209259
9311240	9209253
9311240	9210227
9311240	9211334
9311240	9302210
9311240	9307335
9307335	9203201
9307335	9203203
9307335	9303269
9307335	9307210
9301208	9204206
9312234	9207214
9308355	9210253
9308355	9303281
9306316	9302317
9310339	9209252
9310339	9307277
9305259	9203206
9305259	9209285
9311223	9303236
9305210	9211224
9312326	9207234
9302319	9204203
9302319	9205201
9302319	9205209
9310277	9205209
9308316	9303255
9310205	9303233
9310205	9303234
9305339	9203220
9305339	9204215
9305339	9207205
9305339	9207212
9305339	9207234
9305339	9207253
9305339	9209232
9305339	9211228
9305339	9211256
9305339	9211260
9305339	9303280
9311239	9209203
9303208	9206241
9311322	9303205
9309304	9210242
9309304	9211230
9309304	9211249
9309304	9212305
9309304	9302202
9309304	9302224
9309304	9305282
9308326	9206222
9308326	9211331
9308326	9308269
9303302	9207212
9305316	9203220
9305316	9204215
9305316	9207212
9305316	9207234
9305316	9207253
9305316	9209232
9305316	9209262
9305316	9211228
9305316	9211256
9305316	9211260
9305316	9303280
9212251	9204222
9308298	9210239
9212269	9206242
9308202	9211240
9306308	9211262
9305330	9205210
9305330	9209231
9305330	9305333
9303318	9206257
9303318	9207212
9303318	9210266
9303318	9211249
9303318	9211256
9303318	9211260
9303318	9212305
9307229	9205235
9305341	9303255
9312331	9207209
9312331	9302261
9312331	9306278
9301214	9207233
9310214	9210262
9307257	9205201
9307257	9205209
9312222	9203223
9312222	9204225
9312222	9205230
9312222	9212245
9312222	9212278
9312222	9303202
9312222	9303320
9312222	9305274
9305313	9212297
9306305	9304314
9310202	9204210
9310202	9206239
9310202	9212235
9311334	9203201
9311334	9203203
9311334	9204216
9311334	9204228
9311334	9211211
9311334	9212235
9310362	9204207
9310362	9204237
9310362	9205228
9310362	9206230
9310362	9206241
9310362	9208254
9310362	9209239
9310362	9209241
9310362	9211267
9310362	9212315
9310362	9302265
9310254	9211256
9310254	9211260
9310254	9303270
9310305	9210270
9207230	9204232
9309226	9303239
9306283	9204234
9306283	9209215
9306202	9209203
9306202	9209240
9306202	9212309
9306202	9305301
9305301	9209203
9305301	9209240
9211275	9206249
9211275	9206254
9306276	9211310
9311208	9306259
9307308	9203220
9307308	9212267
9307308	9301291
9303285	9205212
9303285	9208214
9303285	9208217
9309295	9212253
9309250	9203223
9309250	9204202
9309250	9204215
9309250	9205246
9309250	9206218
9309250	9207205
9309250	9207212
9309250	9207234
9309250	9207253
9309250	9209232
9309250	9211228
9309250	9211256
9309250	9211260
9309250	9301267
9309250	9303270
9309250	9303280
9312354	9212257
9312354	9302240
9312354	9305306
9312354	9306289
9312354	9310316
9211218	9203203
9312290	9212234
9312290	9302206
9312290	9305324
9212234	9205233
9307332	9208248
9307332	9209262
9305318	9207238
9310353	9208220
9310353	9302203
9306249	9306224
9310303	9303235
9310303	9305209
9310334	9211248
9310360	9204229
9310360	9207214
9310360	9209268
9310360	9304225
9310360	9305260
9309205	9209203
9309205	9209240
9309205	9210244
9309205	9211237
9309205	9212280
9309205	9303321
9309205	9303322
9302282	9205233
9302282	9205247
9302282	9206214
9302282	9208205
9311218	9205221
9311218	9207214
9311218	9207236
9311218	9209289
9311218	9304225
9311218	9308246
9310237	9303259
9309290	9210258
9309243	9204226
9309243	9303238
9312314	9205246
9312314	9306203
9312314	9308216
9302218	9211230
9305312	9204215
9305312	9204225
9312285	9204214
9308252	9206228
9308252	9207213
9308252	9210221
9308357	9206203
9308357	9209232
9308357	9210235
9308357	9211228
9309279	9204229
9309279	9209277
9309279	9212266
9311362	9206238
9311362	9210235
9311362	9210240
9311362	9210242
9306261	9212203
9212216	9203203
9308350	9207251
9303245	9203206
9309312	9207218
9311233	9205231
9311364	9306216
9311377	9207238
9309209	9301267
9306213	9209232
9306213	9210235
9311206	9205221
9311206	9207214
9311206	9304225
9305317	9207211
9310294	9211256
9310294	9211260
9310294	9303270
9310294	9303279
9310294	9303280
9310294	9304277
9310294	9305289
9310294	9307249
9306312	9206221
9306312	9207216
9306312	9209207
9310356	9204229
9310356	9205228
9310356	9207217
9310356	9207223
9310356	9209271
9310356	9209277
9310356	9211302
9310356	9212266
9310356	9305304
9310356	9306214
9310356	9309272
9310356	9908363
9310356	9908364
9310357	9305269
9310219	9211322
9307227	9303255
9310220	9303305
9302236	9204205
9207270	9908362
9309273	9212311
9310249	9305227
9207243	9203206
9310366	9203206
9310366	9206262
9310366	9207234
9310366	9208251
9310366	9212235
9310366	9212288
9310366	9301267
9310366	9303230
9310366	9304307
9310366	9305274
9310274	9206205
9310274	9303241
9308305	9302266
9212231	9207228
9311275	9305245
9308207	9302248
9308207	9303255
9307246	9211227
9303242	9206233
9303242	9208247
9312310	9204222
9312310	9212212
9312310	9307246
9308319	9301218
9311201	9204222
9311201	9209205
9311201	9209230
9309255	9212297
9309255	9212298
9309207	9206219
9309207	9206221
9309207	9207216
9309207	9209207
9311268	9208254
9207224	9506358
9309288	9303238
9309288	9304211
9309288	9306229
9309288	9307324
9309288	9309266
9305285	9206216
9305285	9211215
9305285	9212286
9305285	9302220
9307276	9207218
9306303	9210249
9311315	9302310
9309233	9210258
9304224	9205245
9304224	9211256
9304224	9211260
9309334	9303201
9311333	9203201
9311333	9203203
9311333	9204228
9311333	9205232
9311333	9206227
9311333	9211211
9309318	9303255
9307309	9204234
9307309	9206222
9307309	9206225
9307309	9207213
9307309	9207249
9307309	9210235
9307309	9211223
9307309	9212305
9307309	9302317
